tick,global-temperature,population,black-number,white-number
0,0,336,168,168
1,12.97953872853952,533,377,156
2,18.383146241773957,770,621,149
3,22.960170747248675,814,668,146
4,25.50535354778573,825,684,141
5,26.992791738005433,832,696,136
6,27.94812982676332,824,698,126
7,28.813139739365106,826,706,120
8,29.494478597137043,827,711,116
9,30.055751989288986,828,721,107
10,30.689490388662893,824,728,96
11,31.515237269541387,826,735,91
12,31.99091187893374,826,736,90
13,32.40837748467207,816,736,80
14,33.046458049139254,824,753,71
15,33.72951134266014,830,764,66
16,34.35122972992418,829,764,65
17,34.690821615217175,823,763,60
18,34.975447459101616,827,769,58
19,35.26862622772043,825,771,54
20,35.51263297535921,817,770,47
21,35.894799945196525,820,777,43
22,36.34976958762198,824,788,36
23,36.90241486372531,812,784,28
24,37.46293281305711,813,792,21
25,38.047607058011394,587,572,15
26,36.59533125800127,417,386,31
27,33.41990771552161,506,446,60
28,31.51096989701581,702,618,84
29,31.38036016011842,789,697,92
30,31.53135169173121,825,731,94
31,31.80985611899546,820,727,93
32,31.906381973623773,822,729,93
33,32.00749718179366,822,729,93
34,32.00889195616477,821,729,92
35,32.08444394310711,818,726,92
36,32.101660782242654,818,729,89
37,32.23375241232808,818,729,89
38,32.27876395839556,804,715,89
39,32.2271087842305,809,721,88
40,32.2364641955008,814,726,88
41,32.308986939807454,820,732,88
42,32.3159116332833,818,731,87
43,32.41517074486921,823,736,87
44,32.520089641041174,822,737,85
45,32.63726354251612,815,734,81
46,32.875763560278436,819,738,81
47,32.996411064112785,821,740,81
48,33.016078718989625,812,731,81
49,32.950188200675285,819,736,83
50,32.92653371085857,747,680,67
51,33.26003443547934,678,636,42
52,34.31250039938587,576,554,22
53,34.92088851976952,627,610,17
54,35.51579507253497,702,684,18
55,36.37483886823208,771,749,22
56,37.1551535847056,788,766,22
57,37.63318367513316,803,780,23
58,37.90757663442942,803,779,24
59,37.96917480826998,803,778,25
60,37.988333307234214,797,771,26
61,37.920925120997495,796,770,26
62,37.84025828933488,796,770,26
63,37.770296444764874,782,756,26
64,37.662667438199634,778,752,26
65,37.569077859,778,751,27
66,37.476077874431496,784,758,26
67,37.50487128428711,780,754,26
68,37.48879398598817,786,758,28
69,37.35007425973463,786,755,31
70,37.13956808811647,781,748,33
71,36.96931930084589,784,751,33
72,36.93379646509419,795,761,34
73,36.95265451875666,789,757,32
74,36.99131324608679,792,759,33
75,37.018586831107626,728,699,29
76,36.80316943889526,657,631,26
77,36.2657394974347,582,558,24
78,35.633658374550365,576,555,21
79,35.180740972686394,581,560,21
80,34.97439315702038,650,629,21
81,35.42561346158724,699,674,25
82,35.95205167156638,752,728,24
83,36.737236432144954,792,769,23
84,37.44430595214596,811,789,22
85,37.96702924927231,813,791,22
86,38.227032836599804,813,791,22
87,38.346948584046324,815,793,22
88,38.359566373616246,809,786,23
89,38.374979544206184,805,783,22
90,38.362418718169806,796,774,22
91,38.27159082973834,798,776,22
92,38.22481746121945,789,769,20
93,38.21872989226113,795,778,17
94,38.406902467762094,796,781,15
95,38.602229257924535,794,779,15
96,38.670223659165266,786,772,14
97,38.64931798257919,786,771,15
98,38.61775050038228,784,770,14
99,38.64820224552806,787,773,14
100,38.62772604586407,750,736,14
101,38.45506542366843,701,688,13
102,38.08175896921254,638,624,14
103,37.3164154325616,630,617,13
104,36.65399023245403,603,587,16
105,36.01695648255078,624,609,15
106,36.08033747413068,652,636,16
107,36.19474505611852,647,631,16
108,36.144531438655264,661,644,17
109,36.16670681588224,704,686,18
110,36.60746710737112,747,729,18
111,37.27580389966249,796,778,18
112,37.962142756849055,817,800,17
113,38.504195287828985,814,797,17
114,38.756665490479016,815,798,17
115,38.871684435214036,813,796,17
116,38.8905875792294,812,795,17
117,38.89023692943817,804,787,17
118,38.81357842193257,801,784,17
119,38.73753493603542,798,781,17
120,38.68023454855331,796,779,17
121,38.632267456189616,793,777,16
122,38.66762064506107,795,779,16
123,38.66405877073394,791,775,16
124,38.61550882818916,792,777,15
125,38.60878328805491,766,750,16
126,38.50352778230332,741,726,15
127,38.350962773838944,707,694,13
128,38.142994959977194,693,684,9
129,38.06370983088379,643,638,5
130,37.66292215182305,608,603,5
131,37.131087960677114,615,610,5
132,36.930065247623816,641,637,4
133,37.09321048088642,653,650,3
134,37.363721690198716,671,666,5
135,37.56936598092541,674,669,5
136,37.566350892310936,707,700,7
137,37.74753867725468,729,718,11
138,37.84120940012719,758,745,13
139,38.12956790983986,792,777,15
140,38.46536083659099,803,788,15
141,38.69992182050803,803,788,15
142,38.78656344541298,798,783,15
143,38.781293302659876,800,785,15
144,38.797979330173646,798,783,15
145,38.79655649602451,796,781,15
146,38.76698208390757,789,774,15
147,38.68819310839045,790,775,15
148,38.66593707155978,786,771,15
149,38.61599023056549,793,778,15
150,38.676764429469706,774,759,15
151,38.61254052618014,754,739,15
152,38.48178683998987,734,718,16
153,38.18673237439684,737,720,17
154,38.03705430807759,729,712,17
155,37.87825800634099,711,694,17
156,37.516023495770945,665,648,17
157,36.92919641809176,640,623,17
158,36.40552396826672,612,597,15
159,36.00981571101353,614,599,15
160,35.791547462208776,614,601,13
161,35.84298734931249,641,632,9
162,36.38132522466699,662,655,7
163,36.86822650421977,676,671,5
164,37.43440735094977,727,722,5
165,38.07419916387171,763,758,5
166,38.71796287257895,797,792,5
167,39.24868772196027,802,797,5
168,39.549600222441335,807,802,5
169,39.73013123747645,810,805,5
170,39.85649654085153,810,805,5
171,39.91114052094872,807,802,5
172,39.93955027582034,810,805,5
173,39.95116471122472,802,798,4
174,39.93618365936455,803,799,4
175,39.93786401172866,783,780,3
176,39.863808591629464,762,759,3
177,39.80261560488627,747,745,2
178,39.71337946839364,748,747,1
179,39.63109499014836,749,748,1
180,39.56663401691706,762,761,1
181,39.596911934283256,739,738,1
182,39.37072819496106,723,722,1
183,39.06440711741245,679,678,1
184,38.4806014315813,644,643,1
185,37.8666072586519,607,606,1
186,37.27417157576685,587,586,1
187,36.793840341281076,586,585,1
188,36.62964073629205,572,571,1
189,36.47174093027611,620,618,2
190,36.80341118871728,649,647,2
191,37.13188002115787,680,678,2
192,37.59207841378501,711,709,2
193,38.127323616882244,758,756,2
194,38.81511631723359,784,782,2
195,39.35887379955663,801,799,2
196,39.763817958782134,807,805,2
197,39.95050227721505,817,814,3
198,40.1180566519123,813,810,3
199,40.154909436775725,813,810,3
200,40.190754747642956,798,796,2
201,40.2187269036264,782,779,3
202,40.09693601391631,766,762,4
203,40.12863185018362,782,776,6
204,40.328471024726376,789,782,7
205,40.614650613519714,797,790,7
206,40.970382347692095,782,775,7
207,41.21484965366104,778,771,7
208,41.47433824757438,763,756,7
209,41.64574375249652,750,743,7
210,41.81146584798939,714,707,7
211,41.77250374600788,670,663,7
212,41.527167957279524,628,621,7
213,41.184043882398626,542,536,6
214,40.4870519027543,487,481,6
215,39.77726788475558,449,443,6
216,39.25446801062036,414,408,6
217,38.852784191125544,362,356,6
218,38.33108385747636,338,332,6
219,38.03783005642028,317,311,6
220,37.90083429625488,307,301,6
221,37.910946048676706,296,291,5
222,38.06911833781484,297,292,5
223,38.316230249500194,293,288,5
224,38.59097410684909,288,282,6
225,38.805061470328795,272,266,6
226,39.032225913647906,253,247,6
227,39.15426976301006,220,214,6
228,39.17640214038926,204,197,7
229,39.181431160159214,213,202,11
230,39.265629972821294,228,213,15
231,39.40345738506143,234,214,20
232,39.43552736362417,240,218,22
233,39.45166667510394,254,227,27
234,39.55224422811246,266,232,34
235,39.58535797753408,270,227,43
236,39.274651730176274,271,219,52
237,38.798085561340265,288,224,64
238,38.209821774003494,303,221,82
239,37.45017984997687,318,222,96
240,36.488363584904256,343,223,120
241,35.49564174227063,364,226,138
242,34.5438521390054,377,222,155
243,33.41816177095514,399,225,174
244,32.3694193408856,423,223,200
245,30.990273611878866,449,223,226
246,29.415494752702013,469,219,250
247,27.95038288688501,491,220,271
248,26.601950696596795,509,220,289
249,25.54343839018369,527,221,306
250,24.492489397437925,534,210,324
251,23.123105247116264,554,194,360
252,21.13332716579875,573,182,391
253,18.835257629537175,583,162,421
254,16.755958678689844,610,154,456
255,14.447072259310668,634,149,485
256,12.22080359681785,667,145,522
257,10.072020603599132,690,139,551
258,8.075332674321462,719,138,581
259,6.398315548649341,736,140,596
260,5.329892072884768,752,145,607
261,4.649541666458293,763,146,617
262,4.294505638790348,766,146,620
263,4.393312964219235,776,154,622
264,4.744135751341293,774,163,611
265,5.469626316749229,774,168,606
266,6.398198754309712,783,178,605
267,7.234005064529239,785,186,599
268,7.9933891452549535,781,195,586
269,9.120761734125605,779,208,571
270,10.608305576197711,777,220,557
271,12.238196919926217,774,233,541
272,13.651869826039457,773,239,534
273,14.778397196383775,769,241,528
274,15.559173079619692,774,243,531
275,16.28588634405264,751,245,506
276,17.574035045661766,739,243,496
277,18.64633373298475,735,245,490
278,19.364988121988763,722,240,482
279,20.138198144487134,726,242,484
280,20.562808457065437,726,241,485
281,20.686946654040145,738,244,494
282,20.6016016565172,747,246,501
283,20.63635554689486,767,247,520
284,20.064955314846806,781,242,539
285,19.356743053846433,780,236,544
286,18.954657581557445,786,232,554
287,18.63419918124557,778,217,561
288,18.067382137964774,780,206,574
289,17.173211874126878,791,198,593
290,16.394036400424774,794,190,604
291,15.558847852132496,798,180,618
292,14.785606112414943,806,173,633
293,14.088225325174113,805,159,646
294,13.371360071273292,809,147,662
295,12.344422230767373,815,133,682
296,11.093943567961768,819,127,692
297,10.364424359261346,814,120,694
298,10.032486101320922,799,114,685
299,10.394159199365275,800,111,689
300,10.611320977822531,785,103,682
301,10.39354321278335,780,90,690
302,9.94865623715521,788,85,703
303,9.345720140374006,779,76,703
304,8.978424108949548,771,70,701
305,9.20410690272469,760,60,700
306,9.169380975328457,753,55,698
307,9.214604666384133,745,49,696
308,9.178584071441078,757,48,709
309,8.891027551954805,782,45,737
310,8.112073862513622,778,41,737
311,7.959212787535164,788,40,748
312,7.746956214542452,785,38,747
313,7.6962829420664045,778,35,743
314,7.5479852509116645,798,30,768
315,6.954626049833142,801,29,772
316,6.502432447399912,794,26,768
317,6.374550294757656,806,27,779
318,6.5222599759505995,803,27,776
319,7.034944574392097,797,27,770
320,7.172369789425711,808,28,780
321,7.191830641347303,818,28,790
322,7.149650842501991,824,28,796
323,7.152290912658389,820,26,794
324,7.218382612727979,819,25,794
325,7.542028002442105,791,23,768
326,8.236688484077309,780,20,760
327,8.82784903387736,798,18,780
328,8.387085758264849,797,17,780
329,8.23180251894314,794,15,779
330,8.610791888952697,783,11,772
331,8.520127794823306,795,10,785
332,8.424313917546431,779,9,770
333,8.95290770961765,772,8,764
334,9.504980936195897,802,8,794
335,8.95914441898601,803,8,795
336,9.014941482973917,812,7,805
337,9.046658486743885,812,7,805
338,8.992404422025327,785,7,778
339,9.596477082886,802,6,796
340,9.473706676165873,814,6,808
341,9.505780256539886,802,4,798
342,9.801281007786198,811,3,808
343,9.74368106509336,822,3,819
344,9.769328704680246,807,2,805
345,10.16065854429874,816,2,814
346,10.324631187620898,820,2,818
347,10.437007520997573,826,2,824
348,10.537528291620971,825,2,823
349,10.616063199185309,831,2,829
350,10.737150416145585,805,2,803
351,11.129760898312778,783,2,781
352,12.109638657840193,800,2,798
353,12.214163806924235,797,2,795
354,12.18940390075975,805,2,803
355,12.20654248789412,785,0,785
356,12.404652537602098,802,0,802
357,12.511692261826665,792,0,792
358,12.53617972109123,779,0,779
359,13.420324075228832,802,0,802
360,13.338814210098658,804,0,804
361,13.35225715812726,812,0,812
362,13.428639295498165,816,0,816
363,13.497609735222932,792,0,792
364,13.891179118247031,802,0,802
365,14.012970203829525,816,0,816
366,14.181259990368952,808,0,808
367,14.395166411209638,810,0,810
368,14.608545258561417,823,0,823
369,14.72245155681775,807,0,807
370,15.064493857643956,816,0,816
371,15.199668334947326,819,0,819
372,15.29913194861981,826,0,826
373,15.453291863950733,825,0,825
374,15.660610739523495,831,0,831
375,15.836972505683331,807,0,807
376,16.104713648842537,786,0,786
377,16.453745104138154,803,0,803
378,16.643249074198458,798,0,798
379,16.801751542927622,804,0,804
380,16.97820456273734,787,0,787
381,17.214663755360917,801,0,801
382,17.324677819308512,793,0,793
383,17.51272172247779,783,0,783
384,17.978791060521228,804,0,804
385,18.063436943433615,805,0,805
386,18.143287525462704,812,0,812
387,18.286739565430754,816,0,816
388,18.45887676229101,795,0,795
389,18.785811635002386,801,0,801
390,18.9702455800275,816,0,816
391,19.13030649295894,809,0,809
392,19.33477724961209,810,0,810
393,19.497742064564395,824,0,824
394,19.647605096150855,809,0,809
395,19.885429473776483,817,0,817
396,20.035107961098657,819,0,819
397,20.24639720801428,826,0,826
398,20.411399888689598,825,0,825
399,20.616725918004224,831,0,831
400,20.78480586241667,807,0,807
401,21.003738047666598,786,0,786
402,21.261633854875857,803,0,803
403,21.23868950506814,799,0,799
404,21.22723110775401,804,0,804
405,21.215749804297158,788,0,788
406,21.21414840388149,801,0,801
407,21.21475895628277,793,0,793
408,21.178006098538084,783,0,783
409,21.359581301087655,804,0,804
410,21.279687052051365,805,0,805
411,21.207633857092752,812,0,812
412,21.173544521206974,816,0,816
413,21.1572617340558,796,0,796
414,21.186912713117568,801,0,801
415,21.231199239357306,816,0,816
416,21.18407501289814,809,0,809
417,21.23063462070478,809,0,809
418,21.243936047548253,824,0,824
419,21.18709343590298,809,0,809
420,21.23735875761259,817,0,817
421,21.188874482462133,819,0,819
422,21.20261607188418,826,0,826
423,21.17221364341163,825,0,825
424,21.18393143587756,831,0,831
425,21.15970946740846,807,0,807
426,21.14982882999255,786,0,786
427,21.370444452970677,803,0,803
428,21.28760289478658,799,0,799
429,21.25020690360252,804,0,804
430,21.258282957109632,788,0,788
431,21.301130103732305,801,0,801
432,21.255151327869136,793,0,793
433,21.196996877738346,783,0,783
434,21.33708686187791,804,0,804
435,21.30772854122727,805,0,805
436,21.222284509174738,812,0,812
437,21.181098370777566,816,0,816
438,21.161124677600935,796,0,796
439,21.18887758036571,801,0,801
440,21.23219497808265,816,0,816
441,21.18457829956131,810,0,810
442,21.19396133768999,809,0,809
443,21.2264924078365,824,0,824
444,21.178884845513174,809,0,809
445,21.158556956269337,817,0,817
446,21.149593445204182,819,0,819
447,21.14555625999577,826,0,826
448,21.14371037770695,825,0,825
449,21.16969278637357,831,0,831
450,21.152596704694407,807,0,807
451,21.14627588771952,786,0,786
452,21.368671502902426,803,0,803
453,21.32419654017677,799,0,799
454,21.33044353697127,804,0,804
455,21.262178326776596,788,0,788
456,21.29740504467591,801,0,801
457,21.251364292905663,793,0,793
458,21.19451830094939,783,0,783
459,21.39743834664359,804,0,804
460,21.362155638999248,805,0,805
461,21.28248299776077,812,0,812
462,21.28453607308298,816,0,816
463,21.21223769776508,796,0,796
464,21.214198136852136,801,0,801
465,21.207275869046352,816,0,816
466,21.172068159978874,810,0,810
467,21.18768051732817,809,0,809
468,21.19185951068929,824,0,824
469,21.163601562868955,809,0,809
470,21.17747215932548,817,0,817
471,21.155892466129536,819,0,819
472,21.22269177959375,826,0,826
473,21.181966830566747,825,0,825
474,21.18871490486143,831,0,831
475,21.16206946689333,807,0,807
476,21.15099757299948,786,0,786
477,21.33355124560126,803,0,803
478,21.269159260527697,799,0,799
479,21.203517358080756,804,0,804
480,21.234948783458808,788,0,788
481,21.2215404817916,801,0,801
482,21.180162651360845,793,0,793
483,21.191867123119398,783,0,783
484,21.326960240120382,804,0,804
485,21.30015315495455,805,0,805
486,21.2551941644799,812,0,812
487,21.234801594398913,816,0,816
488,21.187914880988433,796,0,796
489,21.202258271111027,801,0,801
490,21.238883113065683,816,0,816
491,21.187922674694686,810,0,810
492,21.19563389998981,809,0,809
493,21.195849362411778,824,0,824
494,21.16560187282708,809,0,809
495,21.190122298034186,817,0,817
496,21.165650782586102,819,0,819
497,21.228642553128836,826,0,826
498,21.185295559339604,825,0,825
499,21.1905017299112,831,0,831
500,21.163007207959716,807,0,807
